Matriz 1
1 6 6 7 4 9 4 4 8 0 5 0 3 9 3 7 1 1 3 1 9 2 6 7 8 7 9 4 2 6 0 1 2 1 3 3 8 7 5 9 
7 2 8 1 0 7 6 7 3 7 5 2 8 0 7 0 1 4 2 2 9 7 0 7 5 9 6 8 4 2 3 9 0 6 4 8 1 9 4 5 
4 4 0 0 4 8 9 1 3 3 9 1 4 3 3 2 5 0 2 3 5 3 1 6 4 4 5 7 1 0 9 4 0 5 7 0 2 8 9 0 
6 1 3 3 2 1 7 2 3 3 8 6 6 4 3 3 2 3 8 4 3 5 4 1 9 2 7 8 7 0 1 0 3 3 3 5 6 0 2 2 
5 0 4 7 4 5 6 1 3 6 6 7 5 7 1 2 5 1 2 6 0 5 8 1 6 4 0 9 0 7 8 0 5 8 3 9 7 4 5 3 
5 8 0 4 6 4 5 9 9 1 5 8 7 1 1 8 1 4 5 6 4 7 8 4 9 9 8 8 3 9 6 2 5 3 9 5 1 7 4 8 
8 7 7 3 6 6 2 4 8 1 0 5 0 2 5 9 1 4 5 1 4 8 1 7 5 0 6 8 9 2 4 2 1 6 7 1 0 1 7 4 
8 9 2 4 1 0 1 5 2 2 3 3 7 6 4 7 7 0 6 2 2 7 6 7 3 8 7 2 8 8 3 9 6 1 4 3 8 2 2 5 
5 7 7 6 2 1 6 0 0 8 8 4 4 3 2 6 4 9 7 0 5 9 2 7 6 2 1 2 7 5 5 6 9 5 6 8 9 5 1 8 
0 5 0 8 6 9 8 4 7 4 7 7 5 0 6 8 4 0 2 5 2 3 4 0 7 4 2 2 7 6 4 3 1 6 4 3 8 1 5 3 
9 0 3 0 8 5 6 4 6 2 5 9 5 7 5 7 2 9 2 8 0 4 6 5 2 3 6 1 6 6 1 7 2 1 8 7 6 9 2 8 
6 3 8 8 7 8 9 4 2 0 8 2 2 2 0 1 5 0 3 0 2 1 5 7 7 1 9 5 9 0 9 7 2 2 8 7 2 6 1 9 
5 4 8 0 8 3 5 6 1 4 2 4 5 5 8 6 7 2 4 9 6 2 6 1 8 0 1 6 8 6 8 4 6 7 2 5 1 3 0 8 
2 9 6 4 0 4 3 6 0 0 1 4 5 2 4 5 4 4 2 8 0 1 7 5 4 2 3 0 6 8 8 1 2 4 5 9 8 2 1 5 
3 2 5 8 0 5 2 0 4 1 0 7 2 8 7 2 2 2 9 1 9 9 7 0 7 4 3 0 3 2 3 6 1 4 1 2 6 6 3 6 
8 2 7 9 4 5 8 6 2 2 0 5 7 2 1 5 4 5 1 3 1 4 4 9 2 3 9 2 4 9 7 9 3 2 3 1 8 6 7 2 
0 6 6 7 7 8 4 8 5 5 0 5 5 5 0 6 7 1 5 6 9 8 7 3 1 5 9 4 6 9 2 9 2 5 2 3 1 7 2 4 
4 6 5 0 3 0 9 8 3 2 0 8 9 3 1 4 0 2 3 8 7 5 1 2 1 1 2 5 9 4 9 9 2 8 7 4 7 4 8 4 
3 1 9 8 0 1 4 2 4 6 0 9 5 0 0 2 4 0 7 6 2 8 1 7 4 3 8 6 9 8 8 7 1 0 8 7 7 1 9 8 
7 1 7 1 9 7 3 1 4 2 9 6 6 7 1 0 1 5 1 4 6 9 0 5 4 0 0 2 6 5 1 7 9 1 0 5 3 0 5 2 
9 6 0 2 2 6 5 7 9 9 8 1 8 9 1 6 5 7 2 5 7 1 9 1 9 9 6 1 5 5 4 2 7 8 8 8 0 3 8 8 
7 7 1 4 3 6 2 9 9 1 3 5 0 3 5 1 3 7 3 3 3 5 9 7 4 0 9 3 8 3 1 7 8 3 0 7 8 2 9 2 
0 3 9 5 6 2 6 6 8 8 7 4 1 9 8 4 5 3 5 6 9 0 2 5 9 0 1 6 5 5 0 7 8 4 2 6 2 3 7 8 
4 5 8 0 1 1 6 1 3 1 7 1 7 6 7 5 6 8 4 1 5 2 7 9 1 8 9 0 7 5 4 9 3 8 8 7 8 9 7 7 
1 8 8 2 8 4 0 4 4 4 7 0 5 2 3 2 9 7 2 8 1 2 0 8 4 1 8 1 5 0 5 5 6 5 6 0 9 0 2 8 
4 1 5 9 6 1 4 0 2 2 2 5 6 6 9 8 6 9 2 3 1 4 4 0 4 5 7 0 2 6 5 8 5 6 9 8 8 8 0 9 
6 1 0 3 2 6 7 2 7 1 1 9 5 4 2 2 0 8 9 5 3 2 0 4 8 6 1 1 8 7 8 3 5 3 3 9 2 9 1 3 
3 0 0 4 8 2 2 0 7 3 4 8 7 4 3 9 1 3 1 0 0 9 0 2 6 3 2 8 1 0 4 4 0 6 7 5 3 3 9 4 
3 6 1 8 3 2 0 2 6 8 8 4 4 7 4 9 1 8 7 8 8 8 6 3 1 1 9 3 4 6 3 2 8 8 8 9 8 8 2 2 
7 7 0 9 2 6 7 4 1 4 3 1 3 8 4 1 5 7 0 9 6 1 7 3 0 2 1 6 4 2 7 4 5 8 2 9 0 6 8 9 
8 5 5 9 9 5 9 1 3 2 4 6 4 3 5 5 4 6 5 6 8 4 2 4 0 4 9 0 7 1 5 8 9 6 9 2 7 7 7 7 
9 3 6 7 8 9 6 9 4 4 1 6 6 0 9 4 1 3 2 4 0 7 3 5 2 8 8 4 1 1 4 5 4 6 9 0 7 8 5 3 
3 5 7 0 8 1 9 1 4 4 9 7 4 0 1 1 6 9 2 3 3 3 2 9 4 6 0 5 3 6 2 2 9 5 5 3 7 4 5 0 
1 0 4 7 6 3 6 0 3 0 7 0 3 6 3 5 7 7 4 1 2 0 6 7 1 1 2 5 9 0 3 7 4 5 2 2 7 3 8 7 
9 0 2 3 0 7 3 6 3 0 2 2 9 9 0 9 8 5 6 8 3 1 4 6 1 7 2 7 8 3 5 0 3 8 5 7 6 5 6 1 
1 3 9 7 9 0 4 2 7 8 0 1 5 8 9 4 0 5 2 2 6 9 5 1 5 7 6 4 8 0 5 1 5 9 3 0 8 4 5 9 
7 1 8 9 2 9 5 7 1 0 2 5 5 5 5 5 3 9 6 4 2 8 6 3 5 1 8 7 0 8 9 1 2 7 1 8 5 4 5 0 
2 8 1 8 2 0 2 5 2 6 8 9 3 8 4 1 3 2 0 0 9 6 2 1 0 2 3 4 1 9 3 6 4 4 1 9 7 5 2 8 
5 4 8 9 1 6 2 4 3 3 6 8 1 6 1 9 1 7 3 8 8 4 9 7 0 9 5 4 3 5 9 3 1 9 0 1 5 9 7 0 
1 8 1 8 7 2 1 8 8 8 8 9 9 0 8 8 4 9 5 2 4 0 4 1 7 4 1 2 3 2 5 4 3 5 4 2 6 7 0 6 

Matriz 2
2 5 6 2 8 5 1 4 1 3 8 7 2 1 7 4 5 7 0 7 3 3 7 4 9 5 8 3 3 5 5 2 2 6 5 4 6 4 6 5 
8 8 7 0 9 3 8 9 8 6 0 5 1 5 1 6 5 0 8 4 0 6 6 3 4 2 3 7 0 1 5 4 4 4 9 3 8 1 8 1 
6 1 2 4 2 7 7 9 8 7 4 0 2 8 8 7 8 7 0 6 1 4 6 6 9 5 7 9 1 4 2 6 6 2 9 4 3 3 4 6 
6 3 1 6 3 3 7 9 7 2 3 1 7 7 6 9 7 7 8 2 7 0 9 9 4 7 8 3 5 1 6 4 5 3 7 8 2 2 1 1 
4 2 9 4 0 7 7 1 7 8 1 3 7 9 9 6 3 2 0 8 1 8 9 3 7 4 1 8 7 1 2 4 1 9 4 4 4 7 6 3 
7 6 7 0 3 5 6 0 9 2 0 2 3 2 4 6 6 3 0 2 0 1 8 7 5 4 8 5 9 4 7 9 7 1 9 5 4 9 1 3 
7 8 7 0 5 4 9 8 9 9 6 3 2 4 2 5 8 9 9 3 0 7 4 1 8 5 5 8 2 6 3 5 8 8 0 2 1 1 0 2 
4 6 7 1 8 7 2 4 1 9 3 3 4 4 0 4 6 9 4 7 2 3 2 8 1 7 1 4 1 2 7 0 9 4 4 8 0 5 1 8 
3 2 1 7 6 8 0 4 2 6 3 6 8 8 9 7 5 3 7 1 2 1 2 4 5 4 7 5 6 9 2 1 7 6 5 2 9 4 3 9 
3 1 8 7 4 3 7 7 9 3 4 6 3 9 1 8 4 6 8 0 4 2 7 1 6 4 2 7 3 5 5 0 3 3 1 8 8 2 3 4 
9 3 3 0 9 4 1 7 2 0 7 3 0 2 0 6 7 5 1 0 5 8 8 3 9 8 4 3 9 1 5 5 6 7 1 0 2 5 4 5 
3 2 6 4 4 9 5 3 7 2 8 7 3 6 0 6 6 5 8 0 0 3 8 9 9 6 6 3 7 1 3 4 8 5 2 3 1 9 5 8 
2 6 1 0 2 9 1 7 8 1 4 6 1 6 4 5 1 7 4 3 3 1 0 9 5 0 5 8 2 8 3 7 8 0 6 0 8 7 4 9 
9 5 6 6 0 8 0 9 3 4 5 3 8 6 3 8 6 2 8 2 4 4 9 7 5 5 6 0 5 3 3 2 5 4 4 6 2 5 7 5 
7 8 3 2 7 8 8 4 6 1 0 0 9 5 3 2 4 7 0 9 8 4 1 3 1 9 4 5 0 2 4 7 8 0 8 0 1 3 7 2 
3 2 2 2 2 7 3 9 2 3 4 7 4 2 1 1 7 1 7 5 0 9 0 8 3 5 0 6 6 5 6 1 6 6 8 4 7 4 7 1 
5 9 0 2 8 4 9 9 2 1 8 1 3 4 0 0 4 3 9 4 6 4 8 4 1 1 3 5 2 7 7 9 1 9 3 1 3 0 3 3 
0 5 1 1 2 7 0 3 5 5 5 3 8 1 8 7 0 7 5 6 9 8 4 4 4 2 1 3 9 2 0 1 2 6 8 6 2 0 6 9 
7 5 9 8 4 1 2 8 2 3 3 0 4 3 7 3 6 5 8 7 9 8 2 8 5 6 3 3 9 1 3 2 7 8 6 2 5 8 0 3 
2 6 8 6 0 7 4 4 1 2 9 8 9 5 7 9 1 8 6 0 4 1 1 6 9 4 7 8 1 8 7 2 4 2 7 9 4 6 8 0 
3 2 8 8 8 3 5 6 8 0 4 1 3 6 2 3 4 7 9 6 4 3 9 9 2 7 2 7 0 7 3 9 9 9 4 8 9 9 4 0 
9 5 0 7 9 7 8 9 7 7 9 3 0 1 3 2 0 4 4 6 9 6 4 0 8 7 7 2 8 3 6 6 6 1 6 4 3 9 9 3 
2 1 6 9 0 9 1 5 9 8 6 7 8 0 1 0 7 6 9 1 0 8 8 2 3 7 7 2 7 5 9 5 3 5 0 3 8 4 8 6 
1 5 4 5 5 4 0 6 5 7 9 0 6 6 5 1 0 6 0 8 4 3 3 0 0 8 1 9 7 6 0 2 8 9 1 6 1 5 9 8 
7 3 9 8 9 2 4 5 4 4 4 7 2 4 2 4 1 8 1 0 4 3 8 6 2 3 3 4 3 8 3 5 4 8 5 7 2 2 0 8 
9 3 2 0 9 3 6 2 7 8 2 4 7 0 6 4 0 1 0 8 6 6 4 7 5 6 3 6 8 2 5 3 9 7 1 0 4 2 1 4 
5 5 3 2 0 9 6 4 0 6 1 9 9 8 3 0 3 0 1 3 3 0 6 7 8 9 7 9 5 1 9 1 1 4 8 6 3 4 3 9 
1 5 1 9 1 7 5 7 3 2 4 8 9 8 7 6 0 1 7 0 4 3 1 9 8 0 1 0 4 6 0 5 8 3 7 8 6 3 5 6 
7 6 7 4 0 7 6 2 9 4 5 1 9 3 1 0 8 2 8 0 0 9 2 5 1 1 5 3 0 0 8 6 0 7 6 9 9 7 3 3 
3 6 0 4 7 7 9 5 4 2 4 1 1 5 0 1 8 5 8 2 8 5 5 0 7 5 3 7 5 1 5 3 2 5 0 0 1 9 9 0 
2 0 2 2 1 8 9 4 2 6 1 4 4 5 2 4 1 2 5 6 3 7 8 6 6 4 2 6 3 4 6 2 4 6 4 0 9 9 3 7 
1 1 3 5 8 5 8 6 5 6 7 8 5 5 7 0 7 9 0 2 3 7 7 0 9 6 4 6 4 2 5 7 8 8 2 1 8 1 3 9 
1 3 2 8 1 2 6 5 7 5 4 7 7 1 5 6 8 3 1 1 6 4 7 9 3 6 5 4 7 6 9 0 3 2 0 0 8 9 5 2 
9 1 7 7 5 0 7 6 7 0 5 4 6 1 8 4 7 4 5 0 7 9 2 1 7 8 1 7 3 3 7 1 5 0 8 4 4 6 0 9 
9 3 5 4 3 3 6 9 1 7 4 1 7 7 7 9 9 2 8 6 5 6 8 9 8 3 1 3 6 8 2 5 5 9 8 8 8 0 1 8 
8 3 2 0 2 6 0 7 2 2 7 6 8 4 0 0 9 2 4 3 2 2 3 4 9 8 0 4 5 9 4 7 8 7 3 9 2 3 5 3 
8 5 7 8 1 9 0 3 6 4 3 0 9 2 4 4 6 3 1 8 3 0 7 7 3 7 8 5 2 7 5 4 0 8 1 4 6 3 7 1 
3 3 8 3 6 1 1 6 5 5 4 5 5 0 8 9 2 7 0 4 1 3 3 6 7 9 3 8 3 5 2 7 8 4 4 2 7 2 6 3 
2 0 8 9 0 7 3 7 0 4 2 4 3 6 6 6 3 9 8 7 4 0 0 3 1 8 8 9 2 5 6 0 0 4 9 8 7 5 8 9 
1 9 4 5 5 6 5 2 9 8 2 3 8 9 0 0 8 5 9 2 6 7 8 4 9 7 3 3 3 2 2 9 5 8 9 0 2 2 8 9 

Resultado 2
908 760 851 791 761 1009 731 996 927 828 659 658 961 846 690 766 880 806 818 698 621 709 980 978 905 1035 792 961 796 763 783 788 955 983 909 765 811 784 848 847 
874 745 825 694 919 965 849 1023 961 794 811 740 880 824 769 765 791 968 704 732 696 757 857 888 1068 1027 707 1024 731 802 761 857 1123 911 918 796 850 782 761 990 
729 574 744 574 654 754 711 856 662 623 612 590 667 654 627 705 601 698 644 577 502 638 748 713 816 783 592 842 628 672 644 629 790 794 719 595 753 652 605 766 
777 630 714 670 580 848 604 855 709 584 696 634 762 651 549 629 704 694 720 481 558 648 735 822 841 755 653 682 656 644 667 600 743 787 709 677 665 680 606 738 
855 647 768 808 641 985 785 1008 867 678 813 740 880 753 663 825 847 812 873 534 661 720 940 881 1041 919 754 838 794 809 810 699 865 840 745 724 778 824 792 823 
973 879 958 880 951 1210 955 1168 1010 1018 896 969 1081 954 814 921 978 962 1066 767 775 972 1059 1150 1213 1123 829 1092 1006 905 967 835 1154 1147 1043 870 1019 996 980 1107 
784 664 775 747 677 949 797 939 788 756 678 641 846 807 731 694 779 720 807 677 583 779 774 837 873 844 674 850 712 651 715 634 825 853 1008 800 818 787 771 881 
868 804 742 738 821 1025 826 1044 879 813 806 710 903 745 615 608 885 779 829 722 694 823 920 884 911 950 764 904 755 688 897 727 866 979 793 654 882 798 892 831 
968 802 852 840 865 996 902 1185 1078 842 918 699 936 818 717 811 1010 925 925 735 814 969 1076 932 1090 1048 744 978 881 802 847 833 965 1090 891 783 927 843 918 902 
895 698 814 682 717 964 850 903 901 674 671 649 834 753 583 736 881 788 857 557 567 746 857 852 879 879 736 896 717 694 839 719 844 872 815 688 786 787 696 750 
846 814 886 718 732 1171 744 979 911 886 908 805 1062 828 781 816 956 927 836 721 649 875 972 931 1152 1040 804 971 896 796 813 796 958 1055 896 778 841 824 969 980 
871 726 823 655 701 946 857 972 890 862 747 669 913 852 673 704 938 811 753 621 536 819 1047 898 1039 941 726 910 759 710 793 847 897 1043 869 755 804 727 677 941 
819 785 885 786 731 1037 934 1001 960 760 798 740 943 849 652 726 917 890 904 624 650 907 941 921 1001 903 679 948 657 775 854 811 916 930 908 742 856 879 844 841 
755 689 681 558 577 917 701 851 769 676 658 567 812 649 486 593 804 697 764 579 522 684 765 777 804 797 615 821 580 654 755 642 734 786 760 650 680 679 757 694 
792 592 735 766 687 830 694 867 848 626 638 538 771 634 597 619 742 771 748 581 627 656 858 802 801 896 732 712 660 585 689 719 828 766 765 596 704 726 676 704 
749 725 767 716 699 1074 855 1001 886 855 797 703 882 814 751 745 848 935 768 746 625 718 927 875 976 984 829 1043 755 721 847 692 860 939 830 733 819 805 844 919 
895 788 879 828 821 1083 991 1099 1032 865 826 776 957 904 735 775 944 899 985 672 670 848 1009 969 1063 1030 806 1063 823 736 949 844 1024 971 935 830 923 936 863 878 
793 689 884 759 677 1037 850 1004 880 791 795 725 868 824 703 767 870 895 932 662 569 805 797 903 1012 895 711 982 593 764 798 705 924 910 880 782 931 857 795 914 
825 717 765 859 676 1086 911 1063 866 821 838 693 929 960 690 721 893 876 959 669 701 712 911 931 1065 960 816 974 742 769 819 755 883 995 905 841 863 844 833 951 
693 587 677 659 625 886 659 812 811 617 752 589 679 679 626 681 734 766 590 532 562 659 847 708 881 785 701 767 722 622 660 654 749 773 669 625 686 834 764 727 
1023 849 1022 871 927 1146 882 1193 1026 921 912 955 1086 917 778 944 1067 1008 1109 705 798 961 1123 1086 1140 1115 854 1089 941 975 1040 806 1057 1133 1027 926 1077 922 918 1138 
793 738 846 817 713 1075 711 924 848 819 783 757 1005 749 694 683 886 866 795 670 625 713 894 844 859 1022 836 899 782 725 908 656 821 928 848 825 848 825 884 929 
882 770 938 937 816 1033 883 1129 979 793 835 732 1013 997 741 869 1010 1012 970 636 737 830 1005 955 1001 1048 756 1005 753 835 813 800 1022 1031 916 861 856 841 872 927 
999 835 886 785 849 1131 868 1175 1015 924 894 741 1098 846 825 766 1019 963 889 854 780 979 1001 943 1093 1169 809 1142 854 844 907 879 1026 1131 975 757 981 804 972 1082 
765 727 735 660 633 921 774 880 807 747 675 590 889 811 685 711 752 721 670 641 632 726 896 805 856 812 661 925 665 674 751 658 700 884 870 665 767 671 762 860 
913 774 745 730 739 1071 890 1063 949 815 797 733 1071 825 770 784 972 868 838 737 782 876 1027 970 1100 1047 747 959 834 765 838 828 924 992 935 690 832 728 871 917 
766 675 788 638 694 877 683 838 814 695 743 668 853 655 678 738 774 805 769 580 619 744 802 882 932 854 652 832 779 708 688 664 906 913 740 663 759 822 677 803 
691 493 612 658 563 855 625 844 658 601 631 650 728 702 637 669 619 636 691 536 546 638 674 742 847 749 562 707 704 645 573 568 762 737 780 627 699 651 669 833 
1011 781 921 934 777 1116 839 1222 972 788 913 843 1125 868 816 940 1021 891 1028 715 844 896 1040 1079 1145 1165 821 1030 958 868 977 753 1006 1012 1000 933 1025 961 997 901 
771 756 840 734 673 947 805 1004 905 723 782 738 978 775 686 810 868 892 963 589 668 772 918 856 974 955 725 891 685 758 841 745 891 864 906 812 837 750 851 838 
976 842 1009 869 803 1121 1024 1149 1083 937 878 794 1119 941 929 943 1063 1003 952 847 773 942 1140 1093 1174 1166 922 1154 887 826 978 864 1001 1130 1060 855 1040 934 928 987 
917 770 893 736 803 1070 916 999 964 914 749 751 991 837 887 903 860 933 704 843 686 768 945 997 1067 1072 845 1049 832 764 876 746 1011 892 988 774 867 828 814 979 
770 658 742 685 716 874 756 935 878 741 794 611 788 706 715 790 761 803 717 646 634 782 859 768 907 843 635 927 778 729 670 637 812 936 665 630 748 729 777 808 
691 624 685 702 512 867 649 867 795 668 677 522 888 682 653 614 785 742 753 571 578 757 789 732 752 816 645 773 678 609 681 659 697 882 745 630 732 624 713 790 
845 753 807 716 628 1005 661 1012 775 683 837 702 970 683 742 768 827 797 884 683 650 763 775 1014 904 882 723 889 766 838 842 681 903 909 893 821 870 835 789 863 
934 710 863 911 682 1068 903 1017 1076 873 687 678 1065 895 811 839 847 843 876 733 743 848 949 933 964 1011 799 969 727 728 830 731 883 880 986 783 916 820 853 921 
891 751 775 760 703 1113 839 1069 866 762 806 730 927 775 756 806 858 919 838 738 749 766 924 980 1047 1033 819 946 857 759 878 726 955 846 978 826 753 912 842 919 
784 660 672 675 761 896 747 943 852 612 705 616 776 758 469 670 852 740 840 533 639 666 932 781 931 935 634 768 653 591 716 711 857 822 673 630 691 735 812 705 
871 652 886 835 751 1077 827 1079 959 797 855 766 977 759 813 897 855 930 906 733 686 851 970 1000 1035 1113 839 1047 871 738 917 694 1007 930 932 833 916 930 918 908 
834 730 847 712 840 1002 793 991 970 747 710 736 927 830 689 861 863 891 881 666 684 848 943 992 934 941 661 937 793 719 785 737 979 956 894 685 883 763 778 924 

